3,2
3,1
3,3
10,72
10,223
10,159
10,103
10,129
10,25
10,202
11,4
11,12
11,15
11,24
11,27
11,10
8,9
8,2
2,2
2,1
2,3
39,3
39,2
39,1
39,0
20,3
20,2
20,1
19,3
19,2
19,1
18,3
18,1
14,3
14,1
13,3
13,1
12,3
12,2
12,1
11,30
11,29
11,26
11,25
11,23
11,21
11,19
11,18
11,14
11,13
11,11
11,5
11,3
11,2
11,1
10,266
10,262
10,254
10,241
10,239
10,238
10,231
10,227
10,215
10,201
10,195
10,180
10,174
10,172
10,168
10,166
10,165
10,157
10,146
10,141
10,134
10,100
10,99
10,68
10,67
10,21
10,18
10,8
10,3
10,2
10,1
9,7
9,6
9,5
9,4
